1000,3,1,0,0,2,2,1,1,1.0,0.0,1.0	0
1001,2,1,0,0,2,2,1,1,1.0,0.0,0.0	0
1002,2,1,0,0,0,2,1,1,2.0,0.0,1.0	0
1003,3,0,0,0,1,1,1,1,1.0,0.0,1.0	0
1004,1,0,0,0,0,1,1,1,2.0,0.0,0.0	0
1005,3,0,0,0,1,1,1,1,1.0,0.0,1.0	0
1006,1,0,1,0,2,3,2,0,3.0,1.0,1.0	0
1007,3,1,1,0,0,2,2,0,1.0,0.0,1.0	0
1008,3,1,0,0,0,2,1,1,1.0,0.0,1.0	0
1009,3,0,1,1,2,1,3,0,0.0,0.0,0.0	0
1010,1,1,0,0,0,2,1,1,2.0,0.0,0.0	0
1011,2,0,1,0,2,3,2,0,1.0,0.0,1.0	0
1012,2,0,0,0,2,1,1,1,0.0,0.0,0.0	0
1013,3,1,1,0,1,2,2,0,1.0,0.0,1.0	0
1014,1,0,1,0,0,3,2,0,2.0,0.0,0.0	0
1015,3,1,0,0,2,2,1,1,1.0,0.0,1.0	0
1016,3,1,0,0,1,2,1,1,1.0,0.0,1.0	0
1017,3,0,0,1,2,1,2,0,1.0,0.0,1.0	0
1018,3,1,0,0,2,2,1,1,1.0,0.0,1.0	0
1019,3,0,2,0,1,1,3,0,1.0,0.0,1.0	0
1020,2,1,0,0,2,2,1,1,2.0,0.0,1.0	0
1021,3,1,0,0,2,2,1,1,1.0,0.0,1.0	0
1022,3,1,0,0,2,2,1,1,1.0,0.0,2.0	0
1023,1,1,0,0,0,4,1,1,3.0,0.0,1.0	0
1024,3,0,0,4,2,3,5,0,1.0,0.0,1.0	0
1025,3,1,1,0,0,2,2,0,1.0,0.0,1.0	0
1026,3,1,0,0,2,2,1,1,2.0,0.0,2.0	0
1027,3,1,0,0,2,2,1,1,1.0,0.0,1.0	0
1028,3,1,0,0,0,2,1,1,1.0,0.0,1.0	0
1029,2,1,0,0,2,2,1,1,1.0,0.0,1.0	0
1030,3,0,0,0,2,1,1,1,1.0,0.0,1.0	0
1031,3,1,1,6,2,2,8,0,2.0,0.0,2.0	0
1032,3,0,5,2,2,1,8,0,0.0,0.0,0.0	0
1033,1,0,0,0,2,1,1,1,2.0,1.0,0.0	0
1034,1,1,1,3,0,2,5,0,3.0,2.0,1.0	0
1035,2,1,0,0,2,2,1,1,1.0,0.0,1.0	0
1036,1,1,0,0,2,2,1,1,2.0,0.0,0.0	0
1037,3,1,3,0,2,2,4,0,1.0,0.0,2.0	0
1038,1,1,0,0,2,2,1,1,2.0,0.0,0.0	0
1039,3,1,0,0,2,2,1,1,1.0,0.0,1.0	0
1040,1,1,0,0,2,2,1,1,2.0,0.0,0.0	0
1041,2,1,1,1,2,4,3,0,1.0,0.0,1.0	0
1042,1,0,0,1,0,3,2,0,1.0,0.0,0.0	0
1043,3,1,0,0,0,2,1,1,1.0,0.0,1.0	0
1044,3,1,0,0,2,2,1,1,3.0,0.0,4.0	0
1045,3,0,0,2,2,3,3,0,2.0,0.0,2.0	0
1046,3,1,4,2,2,0,7,0,0.0,0.0,0.0	0
1047,3,1,0,0,2,2,1,1,1.0,0.0,1.0	0
1048,1,0,0,0,2,1,1,1,1.0,1.0,0.0	0
1049,3,0,0,0,2,1,1,1,1.0,0.0,1.0	0
1050,1,1,0,0,2,2,1,1,2.0,0.0,0.0	0
1051,3,0,0,2,2,3,3,0,1.0,0.0,1.0	0
1052,3,0,0,0,1,1,1,1,1.0,0.0,1.0	0
1053,3,1,1,1,0,0,3,0,0.0,0.0,0.0	0
1054,2,0,0,0,2,1,1,1,1.0,0.0,1.0	0
1055,3,1,0,0,2,2,1,1,1.0,0.0,1.0	0
1056,2,1,0,0,2,4,1,1,2.0,0.0,1.0	0
1057,3,0,1,1,2,3,3,0,1.0,0.0,1.0	0
1058,1,1,0,0,0,2,1,1,2.0,0.0,1.0	0
1059,3,1,2,2,2,2,5,0,1.0,0.0,1.0	0
1060,1,0,0,0,0,3,1,1,2.0,0.0,0.0	0
1061,3,0,0,0,2,1,1,1,1.0,0.0,1.0	0
1062,3,1,0,0,2,2,1,1,1.0,0.0,1.0	0
1063,3,1,0,0,0,2,1,1,1.0,0.0,1.0	0
1064,3,1,1,0,2,2,2,0,1.0,0.0,1.0	0
1065,3,1,0,0,0,2,1,1,1.0,0.0,1.0	0
1066,3,1,1,5,2,2,7,0,2.0,0.0,2.0	0
1067,2,0,0,2,2,1,3,0,0.0,0.0,0.0	0
1068,2,0,0,0,2,1,1,1,1.0,0.0,0.0	0
1069,1,1,1,0,0,2,2,0,3.0,0.0,1.0	0
1070,2,0,0,3,2,3,4,0,2.0,0.0,1.0	0
1071,1,0,0,2,0,3,3,0,3.0,0.0,1.0	0
1072,2,1,0,0,2,2,1,1,1.0,0.0,1.0	0
1073,1,1,1,1,0,2,3,0,2.0,0.0,0.0	0
1074,1,0,1,0,2,3,2,0,1.0,0.0,0.0	0
1075,3,1,0,0,1,2,1,1,1.0,0.0,1.0	0
1076,1,0,1,1,0,3,3,0,1.0,1.0,0.0	0
1077,2,1,0,0,2,2,1,1,2.0,0.0,1.0	0
1078,2,0,0,1,2,1,2,0,1.0,0.0,0.0	0
1079,3,1,2,0,2,2,3,0,1.0,0.0,1.0	0
1080,3,0,8,2,2,1,11,0,1.0,0.0,1.0	0
1081,2,1,0,0,2,2,1,1,2.0,0.0,1.0	0
1082,2,1,1,0,2,2,2,0,2.0,0.0,1.0	0
1083,1,1,0,0,2,2,1,1,2.0,0.0,0.0	0
1084,3,1,1,1,2,0,3,0,0.0,0.0,0.0	0
1085,2,1,0,0,1,2,1,1,3.0,0.0,2.0	0
1086,2,1,0,2,2,0,3,0,0.0,0.0,0.0	0
1087,3,1,0,0,2,2,1,1,2.0,0.0,2.0	0
1088,1,1,0,2,0,0,3,0,0.0,1.0,0.0	0
1089,3,0,0,0,2,1,1,1,1.0,0.0,1.0	0
1090,2,1,0,0,2,2,1,1,1.0,0.0,1.0	0
1091,3,0,0,0,2,3,1,1,1.0,0.0,1.0	0
1092,3,0,0,0,1,1,1,1,1.0,0.0,1.0	0
1093,3,1,0,2,2,0,3,0,0.0,0.0,0.0	0
1094,1,1,1,0,0,4,2,0,2.0,1.0,1.0	0
1095,2,0,1,1,2,1,3,0,0.0,0.0,0.0	0
1096,2,1,0,0,2,2,1,1,1.0,0.0,1.0	0
1097,1,1,0,0,0,2,1,1,2.0,0.0,0.0	0
1098,3,0,0,0,1,1,1,1,2.0,0.0,2.0	0
1099,2,1,0,0,2,2,1,1,1.0,0.0,1.0	0
1100,1,0,0,0,0,1,1,1,2.0,0.0,0.0	0
1101,3,1,0,0,2,2,1,1,1.0,0.0,1.0	0
1102,3,1,0,0,2,2,1,1,1.0,0.0,2.0	0
1103,3,1,0,0,2,2,1,1,1.0,0.0,1.0	0
1104,2,1,0,0,2,2,1,1,1.0,0.0,0.0	0
1105,2,0,1,0,2,3,2,0,3.0,0.0,2.0	0
1106,3,0,4,2,2,1,7,0,2.0,0.0,2.0	0
1107,1,1,0,0,2,2,1,1,2.0,0.0,0.0	0
1108,3,0,0,0,1,1,1,1,1.0,0.0,1.0	0
1109,1,1,1,1,2,2,3,0,3.0,1.0,1.0	0
1110,1,0,1,1,0,3,3,0,3.0,1.0,1.0	0
1111,3,1,0,0,2,2,1,1,1.0,0.0,1.0	0
1112,2,0,1,0,0,1,2,0,1.0,0.0,1.0	0
1113,3,1,0,0,2,2,1,1,1.0,0.0,1.0	0
1114,2,0,0,0,2,3,1,1,1.0,0.0,0.0	0
1115,3,1,0,0,2,2,1,1,1.0,0.0,1.0	0
1116,1,0,0,0,0,3,1,1,3.0,0.0,1.0	0
1117,3,0,0,2,0,3,3,0,1.0,0.0,1.0	0
1118,3,1,0,0,2,2,1,1,1.0,0.0,1.0	0
1119,3,0,0,0,1,1,1,1,1.0,0.0,1.0	0
1120,3,1,0,0,2,2,1,1,2.0,0.0,2.0	0
1121,2,1,0,0,2,2,1,1,2.0,0.0,1.0	0
1122,2,1,0,0,2,2,1,1,0.0,0.0,0.0	0
1123,1,0,0,0,2,1,1,1,1.0,0.0,0.0	0
1124,3,1,1,0,2,2,2,0,1.0,0.0,1.0	0
1125,3,1,0,0,1,2,1,1,1.0,0.0,1.0	0
1126,1,1,1,0,0,2,2,0,2.0,0.0,0.0	0
1127,3,1,0,0,2,2,1,1,1.0,0.0,1.0	0
1128,1,1,1,0,0,2,2,0,3.0,0.0,1.0	0
1129,3,1,0,0,0,2,1,1,1.0,0.0,1.0	0
1130,2,0,1,1,2,1,3,0,1.0,0.0,0.0	0
1131,1,0,1,0,0,3,2,0,2.0,0.0,1.0	0
1132,1,0,0,0,0,3,1,1,3.0,0.0,1.0	0
1133,2,0,0,2,2,3,3,0,2.0,0.0,2.0	0
1134,1,1,1,1,0,2,3,0,2.0,1.0,0.0	0
1135,3,1,0,0,2,2,1,1,1.0,0.0,1.0	0
1136,3,1,1,2,2,0,4,0,1.0,0.0,1.0	0
1137,1,1,1,0,2,2,2,0,2.0,0.0,0.0	0
1138,2,0,0,0,2,3,1,1,1.0,0.0,0.0	0
1139,2,1,1,1,2,2,3,0,2.0,0.0,1.0	0
1140,2,0,1,0,2,3,2,0,1.0,0.0,1.0	0
1141,3,0,1,0,0,3,2,0,1.0,0.0,1.0	0
1142,2,0,1,2,2,1,4,0,0.0,0.0,0.0	0
1143,3,1,0,0,2,2,1,1,1.0,0.0,1.0	0
1144,1,1,1,0,0,2,2,0,1.0,1.0,0.0	0
1145,3,1,0,0,2,2,1,1,1.0,0.0,1.0	0
1146,3,1,0,0,2,2,1,1,2.0,0.0,2.0	0
1147,3,1,0,0,2,2,1,1,1.0,0.0,1.0	0
1148,3,1,0,0,1,2,1,1,1.0,0.0,1.0	0
1149,3,1,0,0,2,2,1,1,1.0,0.0,1.0	0
1150,2,0,0,0,2,1,1,1,1.0,0.0,0.0	0
1151,3,1,0,0,2,2,1,1,1.0,0.0,1.0	0
1152,3,1,1,0,2,2,2,0,2.0,0.0,2.0	0
1153,3,1,0,0,2,2,1,1,1.0,0.0,1.0	0
1154,2,0,0,2,2,3,3,0,1.0,0.0,1.0	0
1155,3,0,1,1,2,1,3,0,0.0,0.0,0.0	0
1156,2,1,0,0,0,2,1,1,1.0,0.0,1.0	0
1157,3,1,0,0,2,2,1,1,1.0,0.0,1.0	0
1158,1,1,0,0,2,2,1,1,2.0,0.0,0.0	0
1159,3,1,0,0,2,2,1,1,1.0,0.0,1.0	0
1160,3,0,0,0,2,1,1,1,1.0,0.0,1.0	0
1161,3,1,0,0,2,2,1,1,1.0,0.0,1.0	0
1162,1,1,0,0,0,2,1,1,2.0,0.0,1.0	0
1163,3,1,0,0,1,2,1,1,1.0,0.0,1.0	0
1164,1,0,1,0,0,3,2,0,1.0,1.0,0.0	0
1165,3,0,1,0,1,1,2,0,1.0,0.0,1.0	0
1166,3,1,0,0,0,2,1,1,1.0,0.0,1.0	0
1167,2,0,1,0,2,1,2,0,1.0,0.0,0.0	0
1168,2,1,0,0,2,2,1,1,1.0,0.0,1.0	0
1169,2,1,1,0,2,2,2,0,2.0,0.0,1.0	0
1170,2,1,1,0,2,2,2,0,1.0,0.0,1.0	0
1171,2,1,0,0,2,2,1,1,1.0,0.0,0.0	0
1172,3,0,0,0,2,1,1,1,1.0,0.0,1.0	0
1173,3,1,1,1,2,0,3,0,0.0,0.0,0.0	0
1174,3,0,0,0,1,1,1,1,1.0,0.0,1.0	0
1175,3,0,1,1,0,1,3,0,0.0,0.0,0.0	0
1176,3,0,1,1,2,1,3,0,0.0,0.0,0.0	0
1177,3,1,0,0,2,2,1,1,2.0,0.0,2.0	0
1178,3,1,0,0,2,2,1,1,1.0,0.0,1.0	0
1179,1,1,1,0,2,2,2,0,1.0,0.0,0.0	0
1180,3,1,0,0,0,2,1,1,1.0,0.0,1.0	0
1181,3,1,0,0,2,2,1,1,1.0,0.0,1.0	0
1182,1,1,0,0,2,2,1,1,2.0,0.0,0.0	0
1183,3,0,0,0,1,1,1,1,1.0,0.0,2.0	0
1184,3,1,0,0,0,2,1,1,1.0,0.0,1.0	0
1185,1,1,1,1,2,4,3,0,3.0,0.0,1.0	0
1186,3,1,0,0,2,2,1,1,2.0,0.0,2.0	0
1187,3,1,0,0,2,2,1,1,1.0,0.0,1.0	0
1188,2,0,1,2,0,1,4,0,0.0,0.0,0.0	0
1189,3,1,2,0,0,2,3,0,1.0,0.0,1.0	0
1190,1,1,0,0,2,2,1,1,1.0,0.0,0.0	0
1191,3,1,0,0,2,2,1,1,1.0,0.0,1.0	0
1192,3,1,0,0,2,2,1,1,1.0,0.0,2.0	0
1193,2,1,0,0,0,2,1,1,1.0,0.0,1.0	0
1194,2,1,0,1,2,2,2,0,2.0,0.0,1.0	0
1195,3,1,0,0,2,2,1,1,1.0,0.0,1.0	0
1196,3,0,0,0,1,1,1,1,1.0,0.0,1.0	0
1197,1,0,1,1,2,3,3,0,3.0,0.0,1.0	0
1198,1,1,1,2,2,2,4,0,1.0,1.0,0.0	0
1199,3,1,0,1,2,0,2,0,0.0,0.0,0.0	0
1200,1,1,1,1,2,2,3,0,3.0,0.0,1.0	0
1201,3,0,1,0,2,3,2,0,2.0,0.0,3.0	0
1202,3,1,0,0,2,2,1,1,1.0,0.0,1.0	0
1203,3,1,0,0,0,2,1,1,1.0,0.0,1.0	0
1204,3,1,0,0,2,2,1,1,1.0,0.0,1.0	0
1205,3,0,0,0,1,1,1,1,2.0,0.0,2.0	0
1206,1,0,0,0,0,3,1,1,3.0,1.0,1.0	0
1207,3,0,0,0,1,1,1,1,1.0,0.0,1.0	0
1208,1,1,1,0,0,2,2,0,3.0,1.0,1.0	0
1209,2,1,0,0,2,2,1,1,1.0,0.0,0.0	0
1210,3,1,0,0,2,2,1,1,1.0,0.0,1.0	0
1211,2,1,2,0,2,2,3,0,1.0,0.0,0.0	0
1212,3,1,0,0,2,2,1,1,1.0,0.0,1.0	0
1213,3,1,0,0,0,2,1,1,1.0,0.0,1.0	0
1214,2,1,0,0,2,2,1,1,1.0,0.0,1.0	0
1215,1,1,0,0,2,2,1,1,2.0,0.0,0.0	0
1216,1,0,0,0,2,1,1,1,2.0,1.0,0.0	0
1217,3,1,0,0,2,2,1,1,1.0,0.0,1.0	0
1218,2,0,2,1,2,1,4,0,0.0,0.0,0.0	0
1219,1,1,0,0,0,2,1,1,2.0,0.0,1.0	0
1220,2,1,1,0,2,2,2,0,1.0,0.0,1.0	0
1221,2,1,0,0,2,2,1,1,1.0,0.0,0.0	0
1222,2,0,0,2,2,3,3,0,2.0,0.0,2.0	0
1223,1,1,0,0,0,2,1,1,2.0,0.0,0.0	0
1224,3,1,0,0,0,2,1,1,1.0,0.0,1.0	0
1225,3,0,1,1,0,3,3,0,1.0,0.0,1.0	0
1226,3,1,0,0,2,2,1,1,1.0,0.0,1.0	0
1227,1,1,0,0,2,2,1,1,1.0,0.0,0.0	0
1228,2,1,0,0,2,2,1,1,1.0,0.0,1.0	0
1229,3,1,0,2,0,2,3,0,2.0,0.0,2.0	0
1230,2,1,0,0,2,2,1,1,1.0,0.0,1.0	0
1231,3,1,0,0,0,0,1,1,1.0,0.0,1.0	0
1232,2,1,0,0,2,2,1,1,1.0,0.0,0.0	0
1233,3,1,0,0,2,2,1,1,1.0,0.0,2.0	0
1234,3,1,1,9,2,2,11,0,1.0,0.0,1.0	0
1235,1,0,0,1,0,3,2,0,3.0,4.0,1.0	0
1236,3,1,1,1,2,0,3,0,1.0,0.0,1.0	0
1237,3,0,0,0,2,1,1,1,0.0,0.0,1.0	0
1238,2,1,0,0,2,2,1,1,1.0,0.0,1.0	0
1239,3,0,0,0,0,3,1,1,2.0,0.0,2.0	0
1240,2,1,0,0,2,2,1,1,1.0,0.0,1.0	0
1241,2,0,0,0,2,1,1,1,1.0,0.0,1.0	0
1242,1,0,0,1,0,3,2,0,2.0,0.0,0.0	0
1243,2,1,0,0,2,2,1,1,1.0,0.0,1.0	0
1244,2,1,0,0,2,2,1,1,1.0,0.0,0.0	0
1245,2,1,1,2,2,2,4,0,3.0,0.0,2.0	0
1246,3,0,1,2,2,1,4,0,0.0,0.0,0.0	0
1247,1,1,0,0,2,2,1,1,3.0,0.0,1.0	0
1248,1,0,2,0,2,3,3,0,3.0,0.0,1.0	0
1249,3,1,0,0,2,2,1,1,1.0,0.0,1.0	0
1250,3,1,0,0,1,2,1,1,1.0,0.0,1.0	0
1251,3,0,1,0,2,3,2,0,1.0,0.0,2.0	0
1252,3,1,8,2,2,0,11,0,0.0,0.0,0.0	0
1253,2,0,1,1,0,3,3,0,1.0,0.0,1.0	0
1254,2,0,0,0,2,3,1,1,1.0,0.0,1.0	0
1255,3,1,0,0,2,2,1,1,1.0,0.0,1.0	0
1256,1,0,1,0,0,3,2,0,1.0,0.0,0.0	0
1257,3,0,1,9,2,3,11,0,1.0,0.0,1.0	0
1258,3,1,1,0,0,2,2,0,1.0,0.0,1.0	0
1259,3,0,0,0,2,1,1,1,1.0,0.0,1.0	0
1260,1,0,0,1,0,3,2,0,2.0,0.0,0.0	0
1261,2,1,0,0,0,2,1,1,1.0,0.0,1.0	0
1262,2,1,1,0,2,2,2,0,1.0,0.0,0.0	0
1263,1,0,0,0,0,1,1,1,1.0,1.0,0.0	0
1264,1,1,0,0,2,2,1,1,3.0,0.0,1.0	0
1265,2,1,0,0,2,2,1,1,2.0,0.0,1.0	0
1266,1,0,1,1,2,3,3,0,3.0,0.0,1.0	0
1267,1,0,0,0,0,1,1,1,2.0,2.0,0.0	0
1268,3,0,2,0,2,1,3,0,1.0,0.0,1.0	0
1269,2,1,0,0,2,2,1,1,1.0,0.0,0.0	0
1270,1,1,0,0,2,2,1,1,3.0,0.0,1.0	0
1271,3,1,4,2,2,0,7,0,0.0,0.0,0.0	0
1272,3,1,0,0,1,2,1,1,1.0,0.0,1.0	0
1273,3,1,0,0,1,2,1,1,1.0,0.0,1.0	0
1274,3,0,0,0,2,3,1,1,1.0,0.0,1.0	0
1275,3,0,1,0,2,3,2,0,1.0,0.0,1.0	0
1276,2,1,0,0,2,2,1,1,1.0,0.0,1.0	0
1277,2,0,1,2,2,1,4,0,1.0,0.0,1.0	0
1278,3,1,0,0,2,2,1,1,1.0,0.0,1.0	0
1279,2,1,0,0,2,2,1,1,3.0,0.0,2.0	0
1280,3,1,0,0,1,2,1,1,1.0,0.0,1.0	0
1281,3,1,3,1,2,0,5,0,0.0,0.0,0.0	0
1282,1,1,0,0,2,2,1,1,1.0,0.0,0.0	0
1283,1,0,0,1,2,3,2,0,3.0,0.0,1.0	0
1284,3,1,0,2,2,0,3,0,0.0,0.0,0.0	0
1285,2,1,0,0,2,2,1,1,2.0,0.0,2.0	0
1286,3,1,3,1,2,2,5,0,1.0,0.0,1.0	0
1287,1,0,1,0,2,3,2,0,1.0,0.0,0.0	0
1288,3,1,0,0,1,2,1,1,1.0,0.0,1.0	0
1289,1,0,1,1,0,3,3,0,2.0,0.0,1.0	0
1290,3,1,0,0,2,2,1,1,1.0,0.0,1.0	0
1291,3,1,0,0,1,2,1,1,1.0,0.0,2.0	0
1292,1,0,0,0,2,1,1,1,1.0,1.0,0.0	0
1293,2,1,1,0,2,2,2,0,2.0,0.0,1.0	0
1294,1,0,0,1,0,1,2,0,1.0,0.0,0.0	0
1295,1,1,0,0,2,2,1,1,1.0,0.0,0.0	0
1296,1,1,1,0,0,2,2,0,2.0,0.0,0.0	0
1297,2,1,0,0,0,2,1,1,1.0,0.0,0.0	0
1298,2,1,1,0,2,2,2,0,1.0,0.0,1.0	0
1299,1,1,1,1,0,2,3,0,3.0,1.0,1.0	0
1300,3,0,0,0,1,1,1,1,1.0,0.0,1.0	0
1301,3,0,1,1,2,1,3,0,0.0,0.0,0.0	0
1302,3,0,0,0,1,1,1,1,1.0,0.0,1.0	0
1303,1,0,1,0,1,3,2,0,2.0,0.0,0.0	0
1304,3,0,0,0,2,1,1,1,1.0,0.0,1.0	0
1305,3,1,0,0,2,2,1,1,1.0,0.0,1.0	0
1306,1,0,0,0,0,4,1,1,2.0,0.0,0.0	0
1307,3,1,0,0,2,2,1,1,2.0,0.0,2.0	0
1308,3,1,0,0,2,2,1,1,1.0,0.0,1.0	0
1309,3,1,1,1,0,0,3,0,1.0,0.0,1.0	0
892,3,1,0,0,1,2,1,1,2.0,0.0,2.0	0
893,3,0,1,0,2,3,2,0,2.0,0.0,3.0	0
894,2,1,0,0,1,2,1,1,3.0,0.0,2.0	0
895,3,1,0,0,2,2,1,1,1.0,0.0,1.0	0
896,3,0,1,1,2,3,3,0,1.0,0.0,1.0	0
897,3,1,0,0,2,2,1,1,0.0,0.0,0.0	0
898,3,0,0,0,1,1,1,1,1.0,0.0,2.0	0
899,2,1,1,1,2,2,3,0,1.0,0.0,1.0	0
900,3,0,0,0,0,3,1,1,1.0,0.0,1.0	0
901,3,1,2,0,2,2,3,0,1.0,0.0,1.0	0
902,3,1,0,0,2,2,1,1,1.0,0.0,1.0	0
903,1,1,0,0,2,2,1,1,2.0,0.0,1.0	0
904,1,0,1,0,2,3,2,0,1.0,0.0,0.0	0
905,2,1,1,0,2,2,2,0,3.0,0.0,2.0	0
906,1,0,1,0,2,3,2,0,2.0,0.0,1.0	0
907,2,0,1,0,0,3,2,0,1.0,0.0,1.0	0
908,2,1,0,0,1,2,1,1,2.0,0.0,1.0	0
909,3,1,0,0,0,2,1,1,1.0,0.0,1.0	0
910,3,0,1,0,2,1,2,0,1.0,0.0,1.0	0
911,3,0,0,0,0,3,1,1,2.0,0.0,3.0	0
912,1,1,1,0,0,2,2,0,3.0,0.0,1.0	0
913,3,1,0,1,2,0,2,0,0.0,0.0,0.0	0
914,1,0,0,0,2,3,1,1,2.0,0.0,0.0	0
915,1,1,0,1,0,2,2,0,1.0,0.0,0.0	0
916,1,0,1,3,0,3,5,0,2.0,2.0,1.0	0
917,3,1,1,0,2,2,2,0,3.0,0.0,3.0	0
918,1,0,0,1,0,1,2,0,1.0,0.0,0.0	0
919,3,1,0,0,0,2,1,1,1.0,0.0,1.0	0
920,1,1,0,0,2,2,1,1,2.0,0.0,0.0	0
921,3,1,2,0,0,2,3,0,1.0,0.0,1.0	0
922,2,1,1,0,2,2,2,0,3.0,0.0,2.0	0
923,2,1,2,0,2,2,3,0,1.0,0.0,1.0	0
924,3,0,1,2,2,3,4,0,2.0,0.0,2.0	0
925,3,0,1,2,2,3,4,0,1.0,0.0,1.0	0
926,1,1,1,0,0,2,2,0,1.0,0.0,0.0	0
927,3,1,0,0,0,2,1,1,1.0,0.0,1.0	0
928,3,0,0,0,2,1,1,1,1.0,0.0,1.0	0
929,3,0,0,0,2,1,1,1,1.0,0.0,1.0	0
930,3,1,0,0,2,2,1,1,1.0,0.0,1.0	0
931,3,1,0,0,2,2,1,1,1.0,0.0,1.0	0
932,3,1,0,1,0,2,2,0,2.0,0.0,2.0	0
933,1,1,0,0,2,2,1,1,2.0,0.0,0.0	0
934,3,1,0,0,2,2,1,1,2.0,0.0,2.0	0
935,2,0,0,0,2,3,1,1,1.0,0.0,1.0	0
936,1,0,1,0,2,3,2,0,2.0,0.0,0.0	0
937,3,1,0,0,2,2,1,1,1.0,0.0,1.0	0
938,1,1,0,0,0,2,1,1,2.0,0.0,0.0	0
939,3,1,0,0,1,2,1,1,1.0,0.0,1.0	0
940,1,0,0,0,0,3,1,1,3.0,0.0,1.0	0
941,3,0,0,2,2,3,3,0,2.0,0.0,2.0	0
942,1,1,1,0,2,2,2,0,1.0,0.0,0.0	0
943,2,1,0,0,0,2,1,1,1.0,0.0,1.0	0
944,2,0,2,1,2,1,4,0,1.0,0.0,0.0	0
945,1,0,3,2,2,1,6,0,1.0,2.0,0.0	0
946,2,1,0,0,0,2,1,1,1.0,0.0,1.0	0
947,3,1,4,1,1,0,6,0,0.0,0.0,0.0	0
948,3,1,0,0,2,2,1,1,2.0,0.0,2.0	0
949,3,1,0,0,2,2,1,1,1.0,0.0,1.0	0
950,3,1,1,0,2,2,2,0,1.0,0.0,1.0	0
951,1,0,0,0,0,1,1,1,2.0,2.0,0.0	0
952,3,1,0,0,2,2,1,1,1.0,0.0,1.0	0
953,2,1,0,0,2,2,1,1,1.0,0.0,1.0	0
954,3,1,0,0,2,2,1,1,1.0,0.0,1.0	0
955,3,0,0,0,1,1,1,1,1.0,0.0,1.0	0
956,1,1,2,2,0,0,5,0,0.0,2.0,0.0	0
957,2,0,0,0,2,3,1,1,1.0,0.0,1.0	0
958,3,0,0,0,1,1,1,1,1.0,0.0,1.0	0
959,1,1,0,0,2,2,1,1,2.0,0.0,1.0	0
960,1,1,0,0,0,2,1,1,1.0,0.0,0.0	0
961,1,0,1,4,2,3,6,0,3.0,2.0,1.0	0
962,3,0,0,0,1,1,1,1,1.0,0.0,1.0	0
963,3,1,0,0,2,2,1,1,1.0,0.0,1.0	0
964,3,0,0,0,2,1,1,1,1.0,0.0,1.0	0
965,1,1,0,0,0,2,1,1,1.0,0.0,0.0	0
966,1,0,0,0,0,1,1,1,2.0,1.0,0.0	0
967,1,1,0,0,0,2,1,1,2.0,1.0,0.0	0
968,3,1,0,0,2,2,1,1,1.0,0.0,1.0	0
969,1,0,2,0,2,3,3,0,3.0,0.0,1.0	0
970,2,1,0,0,2,2,1,1,1.0,0.0,1.0	0
971,3,0,0,0,1,1,1,1,1.0,0.0,1.0	0
972,3,1,1,1,0,0,3,0,0.0,0.0,0.0	0
973,1,1,1,0,2,2,2,0,4.0,1.0,1.0	0
974,1,1,0,0,2,2,1,1,3.0,0.0,1.0	0
975,3,1,0,0,2,2,1,1,1.0,0.0,1.0	0
976,2,1,0,0,1,2,1,1,1.0,0.0,1.0	0
977,3,1,1,0,0,2,2,0,1.0,0.0,1.0	0
978,3,0,0,0,1,1,1,1,1.0,0.0,1.0	0
979,3,0,0,0,2,1,1,1,1.0,0.0,1.0	0
980,3,0,0,0,1,1,1,1,1.0,0.0,1.0	0
981,2,1,1,1,2,0,3,0,0.0,0.0,0.0	0
982,3,0,1,0,2,3,2,0,1.0,0.0,1.0	0
983,3,1,0,0,2,2,1,1,1.0,0.0,1.0	0
984,1,0,1,2,2,3,4,0,1.0,0.0,0.0	0
985,3,1,0,0,2,2,1,1,1.0,0.0,1.0	0
986,1,1,0,0,0,2,1,1,1.0,0.0,0.0	0
987,3,1,0,0,2,2,1,1,1.0,0.0,1.0	0
988,1,0,1,0,2,3,2,0,4.0,0.0,1.0	0
989,3,1,0,0,2,2,1,1,1.0,0.0,1.0	0
990,3,0,0,0,2,1,1,1,1.0,0.0,1.0	0
991,3,1,0,0,2,2,1,1,2.0,0.0,2.0	0
992,1,0,1,0,0,3,2,0,2.0,0.0,0.0	0
993,2,1,1,0,2,2,2,0,1.0,0.0,1.0	0
994,3,1,0,0,1,2,1,1,1.0,0.0,1.0	0
995,3,1,0,0,2,2,1,1,1.0,0.0,1.0	0
996,3,0,1,1,0,3,3,0,0.0,0.0,1.0	0
997,3,1,0,0,2,2,1,1,1.0,0.0,1.0	0
998,3,1,0,0,1,2,1,1,1.0,0.0,1.0	0
999,3,1,0,0,1,2,1,1,1.0,0.0,1.0	0
